0 0 632 317
632 0 632 317
1264 0 632 317
1896 0 632 317
2528 0 632 317
3160 0 632 317
0 317 632 317
632 317 632 317
1264 317 632 317
1896 317 632 317
2528 317 632 317
3160 317 632 317
0 634 632 317
632 634 632 317
1264 634 632 317
1896 634 632 317
2528 634 632 317
3160 634 632 317
0 951 632 317
632 951 632 317
1264 951 632 317
1896 951 632 317
2528 951 632 317
3160 951 632 317
0 1268 632 317
632 1268 632 317
1264 1268 632 317
1896 1268 632 317
2528 1268 632 317
3160 1268 632 317
0 1585 632 317
632 1585 632 317
1264 1585 632 317
1896 1585 632 317
2528 1585 632 317
3160 1585 632 317
0 1902 632 317
632 1902 632 317
1264 1902 632 317
1896 1902 632 317
2528 1902 632 317
3160 1902 632 317
0 2219 632 317
632 2219 632 317
1264 2219 632 317
1896 2219 632 317
2528 2219 632 317
3160 2219 632 317
0 2536 632 317
632 2536 632 317
1264 2536 632 317
1896 2536 632 317
2528 2536 632 317
3160 2536 632 317
0 2853 632 317
632 2853 632 317
1264 2853 632 317
1896 2853 632 317
2528 2853 632 317
3160 2853 632 317
0 3170 632 317
632 3170 632 317
1264 3170 632 317
1896 3170 632 317
2528 3170 632 317
3160 3170 632 317
0 3487 632 317
632 3487 632 317
1264 3487 632 317
1896 3487 632 317
2528 3487 632 317
3160 3487 632 317
